%% LaTeX2e file `gaussprobs.dat'
%% generated by the `filecontents' environment
%% from source `thesis' on 2017/01/09.
%%
-4, 0.000100, 0.001600, 0.007920, 0.025390, 0.063610
-3, 0.000880, 0.006500, 0.018960, 0.038630, 0.063770
-2, 0.008090, 0.025810, 0.043210, 0.058350, 0.062440
-1, 0.073020, 0.103850, 0.101660, 0.085750, 0.061800
0, 0.653810, 0.407530, 0.239850, 0.129960,  0.063010
1, 0.072500, 0.101520, 0.104090, 0.087560, 0.062780
2, 0.007950, 0.025120, 0.044750, 0.056280, 0.062690
3, 0.000870, 0.006420, 0.018530, 0.038770, 0.061890
4, 0.000100, 0.001600, 0.007920, 0.025390, 0.063610
